256,1
257,2
258,3,4
259,7
260,8
261,9
262,10,11
263,14,15,16,20,22,23
264,24
265,34,38,48,57,61,65
266,71,72,73,74
267,75,76,77,78,79,80,81,82,83,84
268,85
269,86
270,87,88,89,90
271,91,92,93,94,96,97,98,99,100,101,102,104,105,106,107,108,109,111,113
272,114,116,117,122,124,125,126,127,129,131,134,136
273,137,138,145,155,162,164,166,170,175,176,182,189,192,193,195
274,199,202,204,206,209,210,211,212
275,213,218,222,223
276,229
277,230
278,231,233,234
279,235,237,240,244,245,248,249,250,251,252,255,256
280,258,259,260,261,263,267,268,269,270,272,274,277,279
281,281,283,284,285,286,287,289,291,292,294,295,296,297,298,299,305,306,307,309,310,311,313,314,315,316,317,318,319,321,322,324,325,327,329,330,332,334,335,336,337,338,339,340,341
282,343,344,345,346,350,353,354,356
283,357,365,368,372
284,373
285,374
286,375,378
287,379,382,386,390,391,395,397,398,399,401
288,402,403,406,416,418,423
289,425,426,427,428,429,431,432,433,434,435,436,437,438,439,440,441,442,443,444,445,446,447,448,449,450,451,452,453,454,455,456,457,458,459,460,461,462,463,464,466,467,468,469,470,471,472,473,474,475,476,477,478,479,480,481,482,483,484,485,486
290,487,488,490,491,492,493,495,496,499,500
291,501,502,504,505,507,508,509,510,513,514,516
292,517
293,518
294,519,522
295,523,534,540,544
296,546,547,548,552,554,555,557,558,562,565,567
297,569,570,571,572,574,575,576,582,583,584,585,586,587,588,589,590,591,592,594,595,596,598,600,601,602,603,604,605,607,608,609,611,612,614,616,617,618,619,621,625,626,627,629
298,631,632,633,634,635,636,637,638,639,640,641,643,644
299,645,646,651,652,654,657
300,661
301,662
302,663,664,665
303,667,668,669,671,672,673,674,675,676,677,678,679,680,681,682,683,684,685,686,687,688
304,690,691,692,693,694,695,696,700,703,705,707,708,709,712
305,713,724,725,726,735,742,745,746,750,763,764
306,775,779,780,782,785,788
307,789,790,791,792,793,795,796,797,798,800,801,802,803,804
308,805
309,806
310,807,808,809
311,811,812,814,816,818,819,830,831
312,834,837,839,845,846,850,851
313,857,858,859,861,863,865,866,868,871,876,878,879,880,881,884,885,886,887,888,890,891,893,894,895,896,897,898,900,901,903,905,906,907,908,909,910,911,912,913,914,915,916,917,918
314,919,920,921,922,924,925,927,928,930,931,932
315,933,935,936,937,938,939,940,941,942,944,945,946,948
316,949
317,950
318,951,954
319,955,956,958,959,960,961,962,964,965,966,967,968,969,970,971,972,973,974,976,977
320,978,981,986,989,993
321,1001,1003,1004,1011,1012,1014,1017,1018,1020,1025,1029,1030,1032,1033,1035,1036,1037,1038,1039,1040,1043,1044,1046,1051,1052,1053,1054,1056,1057,1058,1061,1062
322,1063,1064,1066,1067,1068,1069,1070,1071,1072,1075,1076
323,1077,1078,1081,1082,1083,1084,1086,1088,1089,1090,1092
324,1093
325,1094
326,1095,1097,1098
327,1099,1101
328,1122,1123,1136,1141
329,1145,1149,1165,1167,1182,1192,1205
330,1207,1208,1209,1210,1211,1213,1214,1215,1216,1217,1218,1219,1220
331,1221,1223,1224,1226,1228,1231,1232,1235
332,1237
333,1238
334,1239,1241
335,1243,1245,1251,1252,1253,1255,1258,1259,1260,1261,1263,1265
336,1266,1268,1269,1272,1273,1279,1280,1281,1282,1283,1285,1286,1287,1288
337,1289,1290,1291,1295,1297,1306,1316,1317,1324,1328,1332
338,1351,1352,1353,1355,1357,1358,1360,1364
339,1365,1366,1367,1370,1374,1376,1377,1379,1380
340,1381
341,1382
342,1383
343,1387,1388,1389,1391,1392,1393,1394,1395,1396,1400,1402,1403,1404,1405,1406,1408
344,1410,1411,1412,1413,1414,1415,1416,1417,1418,1419,1421,1422,1423,1425,1428,1429,1430,1431,1432
345,1433,1436,1437,1445,1447,1453,1455,1456,1458,1460,1465,1468,1476,1482,1484
346,1495,1496,1508
347,1509,1510,1514,1517,1521,1523
348,1525
349,1526
350,1527,1528,1530
351,1531,1532,1533,1534,1535,1536,1537,1538,1539,1540,1544,1545,1546,1547,1548,1549,1550,1552,1553
352,1554,1558,1560,1567,1570,1571,1572,1574
353,1577,1590,1600,1612,1630
354,1639,1640,1641,1642,1643,1644,1647,1648,1649
355,1653,1655,1656,1658,1659,1660,1662,1663,1664,1665,1667,1668
356,1669
357,1670
358,1671,1672,1673,1674
359,1675,1678,1682,1683,1684,1685,1691,1695,1696,1697
360,1698,1699,1700,1701,1702,1703,1704,1705,1706,1709,1710,1711,1712,1713,1714,1715,1717,1718,1719,1720
361,1721,1722,1723,1725,1726,1728,1729,1733,1736,1737,1738,1740,1745,1746,1747,1748,1749,1750,1751,1752,1753,1755,1756,1758,1760,1762,1763,1764,1765,1766,1767,1772,1773,1775,1777,1780,1781,1782
362,1783,1784,1785,1787,1791,1794,1796
363,1797,1800,1801,1802,1803,1804,1806,1807,1808,1809,1810,1811,1812
364,1813
365,1814
366,1815,1816,1817,1818
367,1819,1820,1821,1822,1824,1825,1826,1827,1828,1830,1831,1832,1833,1834,1835,1836,1838,1839,1840,1841
368,1842,1843,1844,1845,1846,1847,1849,1852,1853,1855,1856,1858,1859,1860,1861,1862,1863
369,1865,1868,1870,1871,1874,1875,1878,1881,1884,1885,1888,1889,1890,1892,1898,1899,1900,1901,1904,1906,1907,1908,1909,1910,1913,1915,1916,1917,1919,1921,1922,1923,1924,1925,1926
370,1927,1928,1929,1930,1931,1934,1936,1938,1939,1940
371,1941,1942,1943,1945,1946,1947,1950,1951,1952,1954,1956
372,1957
373,1958
374,1959,1961
375,1963,1964,1967,1968,1971,1972,1973,1974,1976,1977,1979,1981
376,1986,1987,1988,1989,1991,1992,1993,1994,1995,1996,1997,1998,1999,2000,2001,2002,2003,2004,2005,2006,2008
377,2009,2013,2016,2017,2018,2019,2020,2021,2022,2025,2026,2027,2028,2029,2030,2031,2033,2034,2035,2036,2037,2038,2039,2041,2042,2043,2045,2046,2047,2048,2049,2050,2051,2053,2054,2057,2058,2059,2060,2061,2063,2064,2065
378,2071,2075,2077,2080,2083,2084
379,2085,2087,2089,2090,2097,2098,2099
380,2101
381,2102
382,2103,2104,2105,2106
383,2107,2108,2109,2117,2119,2120,2122,2129
384,2130,2131,2132,2133,2134,2135,2136,2137,2138,2139,2140,2141,2143,2144,2145,2146,2147,2148,2149,2150,2151
385,2153,2155,2157,2164,2175,2183,2184,2189,2195,2204,2211
386,2215,2216,2218,2219,2220,2221,2222,2223,2224,2225
387,2229,2230,2231,2233,2241,2242
388,2245
389,2246
390,2247,2249,2250
391,2251,2254,2255,2256,2257,2259,2260,2261,2262,2266,2267,2268,2269,2270,2272,2273
392,2274,2275,2276,2277,2278,2280,2281,2282,2283,2285,2286,2287,2288,2289,2290,2291,2292,2293,2294,2295,2296
393,2297,2338,2350
394,2359,2363
395,2373,2374,2375,2376,2377,2378,2379,2380,2381,2382,2384,2385,2386,2387,2388
396,2389
397,2390
398,2391,2392,2394
399,2395,2396,2397,2398,2399,2400,2402,2403,2404,2405,2406,2407,2408,2409,2410,2411,2412,2413,2414,2415,2416,2417
400,2418,2424,2425,2426,2431,2436
401,2441,2442,2448,2461,2463,2467,2474,2475,2482,2484,2488,2491,2493,2501
402,2503,2504,2505,2506,2507,2508,2509,2510,2511,2512,2513,2514,2515,2516
403,2517,2518,2524,2531,2532
404,2533
405,2534
406,2535,2536,2537
407,2539,2540,2541,2542,2543,2544,2545,2546,2547,2548,2549,2550,2551,2552,2553,2554,2555,2556,2557,2558,2559,2560,2561
408,2562,2565,2571,2572,2574,2576,2579,2583
409,2585,2586,2587,2589,2593,2597,2599,2600,2606,2607,2612,2613,2614,2615,2616,2617,2618,2619,2620,2622,2624,2632,2633,2635,2638,2639,2640,2641,2644,2645,2646
410,2647,2648,2649,2650,2653,2656,2657,2658,2660
411,2661,2662,2665,2669,2670,2671,2672,2673,2676
412,2677
413,2678
414,2679,2681,2682
415,2683,2686,2691,2694,2695,2696,2700
416,2706,2707,2708,2709,2710,2711,2712,2713,2714,2716,2718,2719,2720,2721,2724,2725,2726,2727,2728
417,2729,2733,2734,2737,2738,2741,2747,2748,2751,2752,2754,2756,2758,2759,2761,2764,2765,2766,2770,2771,2773,2780,2785,2787,2789
418,2791,2792,2793,2794,2795,2797,2798,2799,2800,2801,2802,2803,2804
419,2805,2806,2808,2809,2810,2811,2816,2817,2819
420,2821
421,2822
422,2823
423,2827,2828,2830,2831,2832,2833,2834,2835,2836,2837,2838,2840,2841,2842,2843,2844,2845,2846,2847,2848,2849
424,2850,2852,2853,2857,2858,2859,2860,2861,2862,2863,2864,2865,2866,2867,2868,2870
425,2873,2875,2880,2881,2882,2883,2884,2885,2888,2890,2891,2892,2893,2894,2895,2897,2898,2902,2903,2905,2907,2909,2910,2911,2913,2916,2917,2918,2920,2921,2922,2924,2926,2928,2929,2931,2932,2933,2934
426,2935,2936,2938,2940,2942,2943,2945,2947,2948
427,2949,2952,2957,2960,2961,2962
428,2965
429,2966
430,2967,2969
431,2971,2980,2981,2982,2983,2985,2988,2993
432,2994,3005,3007
433,3017,3022,3023,3025,3026,3029,3031,3032,3034,3035,3036,3037,3038,3039,3040,3041,3042,3043,3044,3045,3047,3048,3050,3051,3053,3055,3056,3057,3058,3059,3060,3061,3062,3063,3064,3065,3066,3068,3069,3070,3071,3072,3073,3074,3075,3076,3077,3078
434,3079,3080,3081,3082,3083,3084,3085,3086,3087,3089,3090,3091,3092
435,3093,3094,3095,3100,3103,3106
436,3109
437,3110
438,3111,3114
439,3115,3116,3117,3119,3124,3125,3127,3128,3130,3132,3133,3135,3136
440,3138,3139,3140,3141,3142,3143,3144,3152,3157
441,3161,3162,3163,3164,3165,3166,3168,3169,3170,3171,3172,3173,3174,3175,3176,3177,3178,3179,3180,3181,3182,3183,3185,3187,3188,3189,3190,3191,3192,3193,3194,3195,3197,3198,3199,3201,3202,3203,3204,3205,3206,3207,3208,3209,3210,3211,3212,3213,3214,3215,3217,3219,3220,3221,3222
442,3223,3229
443,3237,3238,3239,3243,3246,3247,3248,3249,3250,3251,3252
444,3253
445,3254
446,3255,3256,3258
447,3259,3265,3266,3268,3270,3271,3273,3276,3280,3281
448,3282,3286,3291,3292,3293,3300,3303,3304
449,3305,3306,3308,3311,3315,3320,3323,3334,3338,3346,3351,3362,3363
450,3367,3368,3369,3370,3371,3372,3373,3374,3375,3376,3377,3378,3379,3380
451,3381,3382,3383,3386,3388,3390,3393,3394,3395
452,3397
453,3398
454,3399
455,3403,3407,3409,3415,3417,3419,3420,3421,3422
456,3426,3427,3428,3429,3430,3431,3432,3433,3434,3435,3436,3437,3438,3439,3440,3441,3442,3443,3444,3445,3446,3447,3448
457,3449,3453,3460,3464,3465,3466,3467,3468,3469,3471,3473,3474,3475,3476,3478,3481,3485,3487,3488,3492,3496,3500,3501,3502,3503,3504,3506
458,3511,3512,3513,3514,3515,3516,3517,3518,3519,3520,3521,3522,3523,3524
459,3525,3529,3534,3535,3536,3537,3539,3540
460,3541
461,3542
462,3543,3545,3546
463,3547,3549,3550,3552,3554,3557,3559,3560,3561,3562,3565,3566,3568,3569
464,3570,3571,3572,3575,3576,3577,3580,3582,3583,3584,3585,3587,3588,3589,3590,3591,3592
465,3593,3594,3595,3596,3597,3598,3599,3601,3602,3603,3604,3605,3606,3607,3608,3609,3610,3611,3612,3613,3614,3615,3616,3618,3619,3620,3621,3622,3623,3624,3625,3627,3628,3629,3630,3632,3633,3634,3635,3636,3637,3638,3639,3640,3641,3642,3643,3644,3645,3646,3647,3648,3649,3650,3651,3652,3653,3654
466,3655,3658,3660,3662,3664,3668
467,3669,3672
468,3685
469,3686
470,3687,3688
471,3691,3692,3693,3694,3695,3696,3697,3698,3699,3700,3701,3702,3703,3704,3705,3706,3707,3708,3709,3710,3711,3712,3713
472,3714,3715,3717,3718,3719,3720,3721,3722,3724,3725,3726,3727,3728,3729,3730,3731,3732,3733,3734,3735,3736
473,3737,3738,3739,3742,3743,3747,3751,3753,3754,3755,3759,3760,3765,3766,3769,3770,3771,3782,3785,3786,3789,3791,3792,3793
474,3799,3800,3801,3802,3803,3804,3805,3806,3808,3809,3810,3811,3812
475,3813,3814,3815,3816,3818,3819,3820,3821,3824,3825,3826,3827
476,3829
477,3830
478,3831,3832
479,3835,3837,3838,3839,3842,3843,3844,3846,3849,3850,3852,3854,3855,3856,3857
480,3858,3859,3860,3862,3863,3864,3866,3867,3869,3870,3871,3872,3873,3875,3876,3878,3879
481,3881,3883,3886,3887,3889,3892,3894,3895,3897,3898,3899,3900,3901,3903,3906,3908,3909,3912,3913,3914,3919,3922,3923,3924,3927,3928,3929,3931,3933,3934,3935,3936,3938,3939,3940,3941,3942
482,3943,3947,3948,3954
483,3957,3958,3959,3961,3962,3963,3964,3965,3966,3968,3970,3971
484,3973
485,3974
486,3975,3978
487,3979,3980,3981,3983,3986
488,4002,4003,4004,4005,4011,4015,4016,4021,4022,4023
489,4025,4072
490,4087,4089,4092,4094,4095,4096,4097,4098,4099,4100
491,4101,4102,4103,4105,4106,4109,4110,4112,4113,4115,4116
492,4117
493,4118
494,4119,4120,4121,4122
495,4123,4125,4128,4129,4130,4131,4132,4133,4135,4139,4140,4143,4145
496,4146,4148,4149,4151,4152,4154,4155,4161,4163,4164
497,4169,4170,4171,4172,4173,4174,4175,4176,4177,4179,4180,4181,4183,4184,4185,4186,4188,4189,4190,4191,4192,4194,4197,4198,4199,4200,4201,4202,4204,4205,4206,4207,4208,4209,4210,4211,4212,4213,4215,4216,4217,4218,4219,4220,4221,4222,4223,4224,4225,4226,4228,4229,4230
498,4231,4232,4236,4237,4239,4244
499,4245,4246,4247,4250,4252,4253,4254,4255,4257,4259
500,4261
501,4262
502,4263,4264,4265,4266
503,4267,4282,4283,4287
504,4290,4293,4294,4296,4297,4299,4300,4301,4302,4303,4304,4305,4306,4307,4308,4309,4310,4311,4312
505,4313,4315,4316,4317,4318,4319,4320,4322,4323,4324,4326,4328,4329,4330,4331,4332,4333,4334,4335,4336,4337,4339,4340,4341,4342,4343,4344,4345,4346,4347,4348,4349,4351,4352,4353,4354,4355,4356,4358,4360,4361,4365,4366,4368,4369,4371,4372,4374
506,4375,4377,4378,4379,4380,4382,4383,4384,4386,4387,4388
507,4389,4390,4391,4392,4393,4394,4395,4396,4397,4398,4399,4400,4401,4402,4403,4404
508,4405
509,4406
510,4407,4408,4409,4410
511,4411,4412,4414,4415,4416,4417,4418,4419,4420,4421,4422,4423,4424,4425,4426,4427,4428,4431
512,4434,4435,4436,4438,4440,4441,4442,4444,4445,4446,4447,4448,4449,4450,4451,4452,4453,4454,4455,4456
513,4457,4458,4459,4461,4462,4463,4464,4468,4469,4471,4473,4476,4478,4479,4480,4481,4486,4488,4489,4491,4492,4495,4496,4497,4499,4500,4501,4502,4503,4504,4506,4508,4509,4511,4512,4513,4515,4517,4518
514,4519,4520,4521,4522,4523,4524,4525,4526,4528,4530,4531,4532
515,4533,4545
516,4549
517,4550
518,4551,4552
519,4555,4556,4557,4558,4559,4560,4562,4563,4565,4567,4568,4569,4571,4572,4573,4575,4576,4577
520,4578,4579,4580,4582,4585,4587,4589,4590,4591,4593,4597
521,4601,4602,4603,4604,4605,4606,4608,4609,4610,4611,4612,4613,4614,4615,4616,4617,4618,4619,4620,4621,4622,4623,4624,4625,4626,4627,4628,4629,4630,4631,4632,4633,4634,4635,4636,4638,4639,4640,4641,4643,4644,4645,4646,4647,4648,4649,4650,4651,4652,4653,4654,4655,4656,4657,4658,4659,4660,4661,4662
522,4663,4664,4666,4669,4670,4671,4674,4675
523,4677,4683,4686,4689,4690
524,4693
525,4694
526,4695,4698
527,4699,4702,4708,4717,4718
528,4722,4723,4724,4725,4726,4727,4728,4729,4730,4731,4733,4734,4735,4736,4737,4738,4739,4740,4741,4742,4743,4744
529,4745,4756,4762,4768,4769,4773,4774,4778,4783,4794
530,4807,4816
531,4821,4823,4827,4828,4829,4830,4831,4836
532,4837
533,4838
534,4839,4840
535,4843,4845,4863
536,4866,4867,4868,4869,4870,4871,4872,4873,4874,4875,4877,4878,4879,4880,4882,4883,4884,4885,4887,4888
537,4889,4898,4900,4901,4902,4904,4906,4908,4911,4915,4916,4918,4919,4925,4926,4930,4931,4932,4935,4938,4940,4943,4944,4950
538,4951,4954,4955,4961,4962,4963,4964
539,4965,4967,4968,4969,4970,4971,4972,4974,4976,4977,4979,4980
540,4981
541,4982
542,4983,4985,4986
543,4987,4988,4995,4998,5008
544,5010,5012,5014,5016,5017,5018,5021,5023,5028,5031
545,5033,5037,5042,5044,5046,5048,5051,5052,5053,5054,5057,5058,5061,5064,5065,5068,5071,5073,5074,5076,5077,5079,5081,5082,5086,5090,5091,5092
546,5095,5096,5097,5098,5099,5100,5102,5103,5104,5106,5107,5108
547,5109,5110,5111,5112,5113,5114,5115,5117,5118,5119,5120,5122
548,5125
549,5126
550,5127,5130
551,5131,5133,5134,5136,5138,5139,5140,5141,5144,5148,5149,5150,5151,5152,5153
552,5154,5160,5161,5162,5163,5164,5167,5169,5170,5171,5175,5176
553,5177,5206,5209,5219
554,5239,5243,5244,5251,5252
555,5253,5257,5258,5266,5267,5268
556,5269
557,5270
558,5271
559,5275,5277,5289
560,5298,5299,5300,5301,5303,5304,5305,5306,5307,5308,5309,5310,5311,5312,5313,5314,5315,5317,5318,5320
561,5321,5322,5324,5326,5328,5331,5333,5335,5336,5341,5345,5347,5352,5354,5357,5360,5361,5364,5366,5369,5372,5373,5374,5375,5376,5378,5380,5382
562,5383,5384,5388,5390,5391,5393,5396
563,5397,5398,5399,5401,5402,5403,5405,5406,5407,5408,5409,5410,5411,5412
564,5413
565,5414
566,5415,5416,5418
567,5419,5436
568,5442,5443,5444,5445,5448,5449,5451,5452,5453,5454,5456,5457,5458,5460,5462,5463,5464
569,5465,5466,5468,5471,5474,5475,5481,5482,5483,5484,5488,5490,5492,5497,5498,5499,5500,5504,5506,5507,5509,5511,5512,5515,5516,5517,5518,5519,5521,5522
570,5527,5528,5529,5530,5531,5532,5533,5534,5535,5536,5537,5538,5539,5540
571,5541,5542,5543,5544,5545,5546,5547,5548,5549,5551,5552,5553,5554,5556
572,5557
573,5558
574,5559,5560,5561,5562
575,5563,5564,5565,5567,5569,5572,5573,5574,5575,5577,5579,5580,5581,5583,5585
576,5586,5587,5591,5592,5593,5594,5598,5599,5600,5601,5603,5604,5605,5606,5607
577,5609,5612,5614,5615,5616,5620,5621,5622,5623,5624,5625,5631,5632,5634,5636,5638,5639,5641,5643,5647,5648,5650,5651,5653,5658,5659,5661,5662,5663,5667,5669
578,5671,5673,5674,5675,5677,5679,5680,5681,5682,5683,5684
579,5685,5686,5687,5688,5689,5690,5692,5693,5694,5695,5698,5700
580,5701
581,5702
582,5703,5704,5705,5706
583,5707,5708,5709,5710,5711,5712,5713,5714,5715,5716,5717,5718,5719,5720,5721,5722,5723,5724,5725,5726,5727,5728,5729
584,5730,5733,5734,5735,5736,5737,5738,5739,5740,5741,5743,5744,5745,5746,5747,5748,5749,5750
585,5753,5772
586,5815,5817,5823,5824,5828
587,5829,5830,5831,5832,5833,5834,5836,5837,5838,5839,5840,5841,5843,5844
588,5845
589,5846
590,5847,5848,5849,5850
591,5851,5863,5865,5868
592,5874,5882,5888,5893
593,5897,5899,5901,5902,5903,5904,5905,5908,5909,5910,5912,5914,5915,5916,5917,5918,5921,5922,5923,5924,5925,5926,5928,5932,5933,5934,5935,5937,5938,5939,5940,5942,5944,5945,5946,5949,5950,5951,5953,5954,5956,5957,5958
594,5959,5961,5962,5963,5964,5965,5966,5967,5968,5969,5971
595,5973,5974,5975,5978,5979,5980,5981,5983,5984,5986,5987,5988
596,5989
597,5990
598,5991,5992,5993,5994
599,5995,5997,6009,6016
600,6018,6019,6020,6021,6022,6023,6024,6025,6026,6027,6028,6029,6030,6031,6032,6034,6035,6036,6037,6038,6039,6040
601,6041,6042,6043,6045,6046,6047,6048,6049,6053,6055,6057,6058,6059,6061,6062,6064,6066,6067,6069,6072,6075,6077,6080,6081,6082,6084,6086,6087,6088,6089,6091,6092,6093,6094,6096,6097,6101,6102
602,6103,6104,6105,6106,6107,6108,6109,6110,6111,6112,6113,6114,6115,6116
603,6117,6118,6120,6121,6122,6123,6124,6125,6126,6127,6128,6129,6130
604,6133
605,6134
606,6135,6136,6137,6138
607,6139,6140,6143,6145,6146,6150,6151,6152,6153,6155
608,6162,6168,6173
609,6185,6186,6187,6188,6189,6192,6193,6195,6198,6199,6200,6202,6205,6206,6209,6214,6215,6216,6217,6218,6221,6223,6224,6225,6231,6232,6233,6235,6236,6238,6239,6243
610,6247,6251,6254,6260
611,6261,6262,6263,6264,6265,6266,6267,6268,6269,6270,6271,6272,6274,6275,6276
612,6277
613,6278
614,6279,6280,6281,6282
615,6283,6284,6287,6289,6293,6294,6295,6298,6299,6300,6301,6302,6305
616,6306,6309,6310,6313,6314,6315,6317,6319,6320,6322,6323,6325,6326,6327
617,6329,6330,6331,6334,6335,6336,6337,6339,6341,6342,6344,6345,6348,6349,6350,6351,6352,6353,6354,6355,6357,6358,6359,6360,6361,6362,6363,6365,6366,6368,6369,6370,6371,6372,6374,6375,6376,6377,6378,6379,6381,6382,6383,6385,6387,6388,6390
618,6391,6392,6398,6399,6403
619,6405,6406,6407,6408,6410,6411,6414,6416,6417,6420
620,6421
621,6422
622,6423,6424,6425,6426
623,6427,6429,6433
624,6450,6452,6453,6454,6455,6456,6460,6462,6464,6468,6469,6470,6471,6472
625,6473,6475,6476,6478,6480,6482,6484,6488,6492,6494,6499,6507,6511,6514,6515,6516,6518,6521,6525,6531
626,6535,6536,6539,6540,6543,6544,6547,6548
627,6549,6551,6552,6553,6554,6555,6556,6557,6558,6559,6560,6561,6564
628,6565
629,6566
630,6567,6569
631,6571,6572,6574,6575,6576,6578,6579,6582,6583,6584,6586,6590
632,6594,6605,6606,6609
633,6617,6618,6621,6622,6623,6627,6629,6630,6635,6638,6639,6642,6644,6646,6647,6648,6650,6652,6653,6662,6664,6665,6666,6667,6669,6670,6675,6677
634,6679,6689
635,6693,6695,6700,6704,6705,6706,6707
636,6709
637,6710
638,6711,6712
639,6715,6716,6717,6719,6720,6721,6722,6723,6724,6725,6726,6728,6731,6732,6734,6735,6736,6737
640,6738,6739,6740,6741,6742,6743,6744,6745,6746,6748,6749,6750,6751,6752,6753,6754,6755,6756,6757,6758,6759,6760
641,6761,6763,6764,6765,6767,6768,6769,6770,6771,6772,6776,6778,6779,6780,6781,6782,6783,6784,6788,6789,6790,6791,6792,6794,6795,6797,6798,6801,6802,6803,6804,6805,6809,6810,6811,6813,6814,6816,6817,6819,6820,6821,6822
642,6823,6825,6826,6827,6828,6829,6830,6831,6832,6833,6834,6835,6836
643,6837,6838,6839,6840,6841,6842,6843,6844,6845,6846,6848,6850,6851,6852
644,6853
645,6854
646,6855,6856,6858
647,6859,6860,6861,6864,6867,6870,6871,6872,6873,6875,6878,6881
648,6882,6884,6885,6886,6887,6889,6890,6891,6899,6900,6901,6903,6904
649,6905,6906,6907,6908,6909,6910,6911,6912,6913,6914,6915,6916,6917,6918,6919,6920,6921,6922,6923,6924,6925,6926,6927,6928,6929,6930,6931,6932,6933,6934,6935,6936,6937,6938,6939,6940,6941,6942,6943,6944,6946,6947,6948,6949,6950,6951,6952,6953,6954,6955,6956,6957,6958,6959,6960,6961,6962,6963,6964,6965,6966
650,6967,6971,6973,6980
651,6981,6982,6984,6985,6986,6987,6988,6989,6995
652,6997
653,6998
654,6999,7000,7001
655,7003,7005,7009,7011,7015
656,7026,7031,7032,7038,7046,7047,7048
657,7049,7058,7064,7068,7075,7081,7083,7101,7103
658,7111,7114,7116,7117,7118,7120,7121,7122
659,7125,7128,7134
660,7141
661,7142
662,7143,7144,7145,7146
663,7147,7156,7160,7169
664,7170,7176,7178,7184
665,7193,7194,7202,7206,7207,7209,7211,7212,7213,7214,7215,7220,7221,7222,7223,7225,7226,7229,7230,7231,7232,7233,7235,7236,7237,7238,7239,7240,7241,7243,7244,7245,7246,7248,7249,7253
666,7255,7260,7263,7267,7268
667,7269,7276,7279
668,7285
669,7286
670,7287,7288
671,7291,7292,7293,7295,7296,7300,7302,7304,7305,7307,7308,7313
672,7314,7315,7316,7317,7318,7319,7320,7323,7324,7327,7328,7329,7330,7331,7332,7334,7336
673,7337,7338,7344,7345,7348,7364,7371,7376,7383,7385
674,7399,7400,7401,7402,7403,7404,7405,7406,7407,7408,7409,7410,7411,7412
675,7413,7414,7415,7418,7419,7422,7423,7425,7426,7427,7428
676,7429
677,7430
678,7431,7434
679,7435,7438,7440,7442,7446,7447,7449,7452,7454,7455,7456
680,7458,7460,7461,7462,7463,7467,7469,7470,7474,7475,7478,7479,7480
681,7481,7484,7486,7488,7491,7499,7501,7508,7510,7511,7512,7513,7515,7516,7520,7522,7525,7528,7532,7533,7535,7536,7537,7538,7539
682,7543,7544,7545,7547,7549,7550,7553,7555
683,7557,7558,7559,7560,7562,7563,7566,7567,7568,7570,7571,7572
684,7573
685,7574
686,7575,7577
687,7579,7581,7582,7583,7584,7585,7586,7588,7589,7590,7591,7593,7594,7595,7596,7597,7598,7599,7600,7601
688,7602,7606,7607,7608,7609,7610,7612,7616,7618,7621,7622,7623
689,7625,7628,7630,7631,7634,7635,7640,7643,7647,7648,7649,7650,7653,7656,7660,7667,7670,7671,7674,7677,7679,7680,7682,7686
690,7687,7692,7693
691,7701,7703,7704,7705,7707,7708,7711,7713
692,7717
693,7718
694,7719,7720,7722
695,7723,7724,7726,7727,7730,7731,7732,7733,7734,7735,7736,7737,7739,7740,7741,7742,7743,7744,7745
696,7746,7748,7750,7751,7752,7753,7754,7756,7757,7758,7759,7760,7761,7763,7764,7765
697,7769,7771,7773,7776,7777,7778,7782,7783,7784,7785,7790,7794,7795,7796,7797,7801,7804,7807,7812,7813,7817,7818,7821,7825,7827
698,7831,7834,7839
699,7845,7850,7851
700,7861
701,7862
702,7863,7864
703,7867,7887
704,7890,7903,7906
705,7913,7914,7916,7918,7922,7925,7929,7930,7931,7932,7933,7934,7938,7939,7942,7944,7946,7950,7952,7954,7957,7958,7959,7960,7961,7963,7964,7965,7966,7967,7968,7969,7970,7972,7974
706,7975,7976,7978,7979,7980,7981,7982,7987
707,7989,7991,7992,7993,7995,7996,7998,7999,8003,8004
708,8005
709,8006
710,8007,8008,8009,8010
711,8011,8014,8015,8016,8017,8018,8019,8020,8021,8022,8023,8025,8026,8028,8029,8030,8031,8032
712,8034,8036,8038,8043,8050,8053
713,8057,8059,8061,8063,8064,8066,8067,8071,8073,8075,8076,8084,8086,8088,8091,8094,8095,8099,8100,8101,8103,8104,8106,8109,8111,8112,8113,8116,8118
714,8119,8121,8125,8127,8130
715,8133,8134,8135,8137,8138,8139,8140,8142,8143,8145,8146,8147
716,8149
717,8150
718,8151,8152,8153,8154
719,8155,8161,8163,8165,8168,8171,8174
720,8178,8180,8187,8191,8192,8195,8196,8198,8199
721,8201,8202,8203,8205,8207,8208,8212,8213,8216,8217,8218,8219,8220,8221,8222,8223,8224,8225,8226,8229,8231,8232,8233,8235,8239,8240,8241,8245,8246,8248,8249,8250,8252,8255,8259,8260,8261,8262
722,8263,8264,8265,8266,8267,8269,8270,8271,8272,8273,8274,8275,8276
723,8277,8278,8279,8280,8281,8282,8283,8284,8285,8286,8287,8288,8289,8290,8291,8292
724,8293
725,8294
726,8295,8296,8297
727,8299,8311,8321
728,8322,8324,8325,8327,8329,8330,8336,8338,8343
729,8345,8346,8348,8349,8350,8352,8355,8358,8359,8360,8364,8367,8371,8373,8375,8376,8379,8380,8382,8383,8384,8385,8387,8388,8390,8392,8393,8396,8398,8399,8403,8404,8405
730,8407,8410,8415
731,8421,8423,8424,8425,8426,8427,8428,8429,8430,8431,8432,8433,8434,8435,8436
732,8437
733,8438
734,8439,8440,8441
735,8443,8444,8445,8446,8447,8448,8451,8452,8453,8455,8456,8457,8458,8459,8460,8461,8462,8463,8464,8465
736,8466,8473,8475,8486
737,8489,8490,8491,8492,8494,8495,8496,8498,8499,8501,8503,8504,8505,8506,8507,8508,8510,8511,8513,8514,8515,8517,8518,8519,8520,8521,8523,8524,8526,8527,8528,8529,8530,8531,8532,8534,8536,8537,8538,8539,8540,8543,8544,8548,8549,8550
738,8551,8554,8555,8557,8558,8562
739,8565,8571,8572
740,8581
741,8582
742,8583,8586
743,8587,8589,8590,8592,8595,8599,8600,8601,8602,8604,8605
744,8610,8612,8614,8628,8630
745,8633,8634,8635,8636,8637,8638,8640,8641,8643,8644,8645,8646,8647,8648,8649,8650,8651,8652,8654,8655,8656,8657,8658,8659,8660,8661,8662,8663,8664,8666,8667,8668,8669,8671,8672,8673,8674,8675,8676,8677,8678,8679,8680,8682,8683,8684,8686,8687,8688,8689,8690,8691,8692,8693
746,8695,8697,8699,8700,8701,8702,8703,8704,8706,8707
747,8709,8711,8712,8713,8715,8716,8718,8721,8722,8723,8724
748,8725
749,8726
750,8727,8728,8729,8730
751,8731,8732,8733,8736,8737,8738,8739,8740,8741,8742,8744,8745,8747,8750,8752
752,8754,8755,8756,8757,8758,8759,8760,8761,8762,8763,8764,8765,8766,8767,8768,8770,8771,8772,8773,8774,8775,8776
753,8777,8780,8781,8782,8783,8784,8785,8786,8792,8793,8796,8797,8798,8799,8800,8802,8804,8806,8807,8808,8809,8811,8812,8813,8818,8820,8821,8825,8828,8831,8834,8835
754,8839,8840,8841,8843,8844,8845,8846,8847,8848,8849,8850,8852
755,8853,8854,8855,8856,8857,8858,8859,8860,8861,8863,8865,8866
756,8869
757,8870
758,8871,8872,8873,8874
759,8875,8876,8877,8878,8879,8880,8881,8882,8883,8884,8885,8886,8887,8888,8889,8890,8891,8892,8893,8894,8895,8896,8897
760,8898,8899,8900,8901,8902,8904,8905,8906,8907,8909,8910,8911,8912,8913,8914,8915,8916,8917,8918,8919,8920
761,8921,8923,8932,8958,8967
762,8983,8984,8986,8988,8990,8993,8994,8996
763,8997,8998,8999,9000,9001,9002,9003,9005,9008,9010,9012
764,9013
765,9014
766,9015,9016
767,9019,9020,9021,9023,9025,9026,9027,9028,9029,9030,9031,9033,9034,9036,9038,9039
768,9042,9043,9044,9045,9047,9048,9050,9051,9052,9053,9054,9055,9056,9057,9058,9059,9061,9062,9063,9064
769,9065,9066,9067,9072,9073,9075,9076,9077,9079,9080,9083,9084,9086,9087,9092,9096,9097,9098,9099,9100,9102,9103,9104,9105,9106,9109,9110,9111,9112,9113,9115,9117,9118,9120,9121,9123,9124,9126
770,9127,9128,9129,9133,9135
771,9141,9149,9150,9151,9153
772,9157
773,9158
774,9159,9160,9161,9162
775,9163,9166,9167,9169,9172,9173,9174,9175,9177,9178,9179,9180,9181,9183,9185
776,9186,9188,9189,9192,9193,9194,9196,9197,9198,9200,9202,9204,9205,9206,9208
777,9209,9216,9218,9220,9224,9225,9226,9227,9230,9234,9235,9236,9239,9240,9241,9242,9243,9244,9250,9256,9262,9263,9264,9266,9269
778,9271,9273,9274,9275,9277,9281,9284
779,9285,9287,9288,9289,9291,9293,9294,9296,9299,9300
780,9301
781,9302
782,9303,9304,9305,9306
783,9307,9308,9309,9310,9311,9312,9314,9316,9317,9318,9319,9320,9322,9324,9325,9326,9328,9329
784,9330,9331,9332,9333,9347,9349,9350,9351,9352
785,9353,9354,9356,9357,9359,9361,9362,9364,9366,9367,9369,9371,9372,9374,9376,9377,9380,9382,9386,9390,9392,9393,9394,9396,9398,9400,9401,9403,9406,9407,9414
786,9415,9416,9418,9419,9421,9422,9423,9424,9425,9428
787,9429,9432,9434,9435,9436,9440,9441,9444
788,9445
789,9446
790,9447,9448,9449
791,9451,9452,9453,9454,9456,9457,9458,9459,9464,9465,9467,9468,9469,9470,9471,9472
792,9474,9477,9479,9487,9489,9495,9496
793,9497,9499,9501,9504,9505,9507,9508,9509,9511,9514,9515,9517,9518,9519,9523,9524,9526,9527,9528,9529,9530,9531,9532,9534,9536,9538,9539,9540,9541,9543,9545,9547,9548,9549,9551,9552,9553,9554,9555,9556,9558
794,9559,9560,9561,9562,9564,9565,9566,9567,9569,9570,9571,9572
795,9573,9574,9575,9576,9577,9578,9579,9580,9581,9582,9583,9584,9586,9587,9588
796,9589
797,9590
798,9591,9593
799,9595,9596,9597,9600,9601,9602,9603,9604,9607,9608,9609,9610,9612,9614,9616
800,9618,9619,9620,9621,9622,9623,9624,9625,9626,9627,9628,9629,9630,9631,9632,9633,9634,9635,9636,9637,9638,9639,9640
801,9641,9643,9644,9645,9646,9648,9649,9650,9651,9652,9654,9657,9658,9659,9660,9662,9663,9665,9666,9667,9668,9669,9671,9673,9674,9675,9676,9677,9678,9679,9680,9682,9684,9687,9688,9689,9690,9691,9692,9693,9694,9696,9697,9698,9699,9700,9701,9702
802,9703,9705,9708
803,9717,9718,9719,9721,9722,9723,9724,9725,9726,9727,9728,9729,9730,9731,9732
804,9733
805,9734
806,9735,9736,9737,9738
807,9739,9741,9742,9743,9745,9748,9751,9757,9758,9759
808,9762,9763,9764,9766,9768,9770,9774,9776,9779,9781,9783,9784
809,9785,9814,9819,9827,9835,9845
810,9847,9849,9852,9854,9855,9857,9858,9860
811,9861,9862,9864,9865,9866,9867,9868,9869,9870,9871,9872,9874,9875,9876
812,9877
813,9878
814,9879,9882
815,9883,9885,9886,9888,9891,9892,9894,9895,9904
816,9906,9907,9909,9910,9911,9912,9913,9914,9917,9918,9921,9923,9925,9927,9928
817,9929,9930,9932,9933,9934,9935,9937,9939,9940,9943,9945,9947,9951,9952,9954,9955,9956,9957,9958,9960,9962,9967,9970,9971,9973,9974,9976,9977,9978,9979,9980,9983,9984,9985,9986,9988
818,9991,9996,9997,10001,10004
819,10005,10006,10007,10010,10012,10014,10019,10020
820,10021
821,10022
822,10023,10024,10025,10026
823,10027,10028,10032,10034,10035,10036,10039,10040,10042,10043,10044,10045,10047
824,10050,10056,10057,10058,10065,10066,10070,10071
825,10073,10076,10077,10078,10079,10081,10082,10083,10086,10087,10088,10090,10091,10093,10094,10097,10098,10100,10102,10103,10104,10105,10107,10108,10109,10110,10112,10113,10115,10116,10118,10119,10120,10121,10124,10125,10126,10127,10128,10130,10132,10133,10134
826,10135,10136,10137,10138,10139,10140,10141,10142,10143,10144,10145,10146,10147,10148
827,10149,10150,10151,10152,10153,10154,10155,10156,10157,10158,10159,10160,10161,10162,10163,10164
828,10165
829,10166
830,10167
831,10171,10175,10179,10181,10183,10189
832,10194,10195,10196,10197,10200,10201,10202,10203,10204,10206,10207,10208,10209,10210,10211,10213,10214
833,10217,10218,10221,10223,10224,10225,10228,10229,10237,10239,10240,10242,10243,10244,10245,10246,10247,10248,10249,10252,10258,10259,10265,10269,10271,10273,10274,10275,10276,10277
834,10279,10281,10283,10286,10290
835,10293,10295,10296,10297,10298,10300,10303,10308
836,10309
837,10310
838,10311,10312,10314
839,10315,10316,10317,10318,10319,10320,10321,10322,10323,10324,10326,10327,10328,10329,10330,10331,10332,10333,10334,10335,10336,10337
840,10338,10339,10340,10341,10342,10343,10344,10345,10346,10347,10348,10349,10350,10351,10352,10353,10354,10355,10356,10357,10358,10359,10360
841,10361,10365,10368,10369,10371,10372,10373,10374,10375,10376,10377,10379,10380,10381,10383,10386,10389,10390,10392,10396,10397,10399,10402,10403,10404,10405,10406,10408,10409,10410,10411,10415,10416,10417,10418,10419
842,10423,10425,10426,10432
843,10437,10439
844,10453
845,10454
846,10455,10456,10457,10458
847,10459,10460,10463,10465,10466,10467,10470,10474,10475,10478,10479
848,10482,10485,10486,10489,10490,10491,10492,10493,10494,10496,10498,10501,10502
849,10505,10506,10507,10508,10509,10510,10512,10513,10514,10518,10519,10520,10521,10523,10524,10526,10527,10528,10532,10534,10535,10537,10538,10542,10543,10544,10545,10546,10547,10548,10550,10551,10552,10555,10556,10557,10559,10560,10562,10563,10564,10565,10566
850,10567,10570,10572,10576,10578
851,10581,10582,10588,10595
852,10597
853,10598
854,10599,10602
855,10603,10609,10610,10618
856,10626,10627,10629,10630,10631,10637,10638,10641,10644,10647
857,10649,10651,10655,10666,10669,10678,10689,10692,10704,10707,10710
858,10711,10712,10713,10714,10715,10716,10717,10718,10720,10721,10722,10724
859,10725,10726,10727,10728,10730,10731,10733,10734,10736,10737,10739
860,10741
861,10742
862,10743,10746
863,10747,10748,10751,10754,10755,10756,10757,10761,10763,10764,10765,10766,10767
864,10770,10773,10774,10775,10777,10778,10780,10788
865,10793,10796,10797,10800,10801,10802,10803,10807,10808,10811,10815,10817,10818,10820,10828,10829,10834,10839,10840,10841,10850
866,10855,10856,10858,10859,10861,10862,10863,10864,10865,10866,10867
867,10869,10874
868,10885
869,10886
870,10887
871,10891,10903
872,10914,10916,10917,10918,10923,10926,10927,10928,10931,10933,10935
873,10937,10938,10940,10941,10943,10944,10945,10947,10948,10949,10950,10954,10955,10959,10960,10962,10964,10965,10967,10968,10969,10970,10971,10972,10973,10974,10977,10978,10979,10985,10986,10987,10988,10990,10992,10993,10994,10995,10996,10997
874,10999,11000,11006
875,11013,11014,11015,11016,11017,11018,11019,11021,11023,11025,11026,11027,11028
876,11029
877,11030
878,11031,11032,11034
879,11035,11036,11037,11038,11039,11040,11041,11042,11043,11044,11045,11048,11049,11050,11051,11052,11053,11054,11055,11056
880,11058,11059,11060,11061,11062,11063,11064,11065,11066,11067,11068,11069,11070,11071,11072,11073,11074,11075,11076,11077,11078,11079,11080
881,11081,11100,11111,11126,11127,11137
882,11143,11144,11145,11146,11148,11149,11150,11151,11152,11153,11154,11156
883,11157,11159,11160,11162,11163,11164,11165,11166,11167,11168,11169,11170,11171,11172
884,11173
885,11174
886,11175,11178
887,11179,11181,11182,11183,11184,11186,11187,11197,11200
888,11202,11207,11214,11219,11224
889,11225,11226,11230,11231,11236,11238,11245,11247,11252,11253,11258,11260,11261,11263,11264,11268,11276,11278,11282,11284,11285
890,11287,11292,11294,11295,11297,11298,11299
891,11301,11302,11303,11304,11305,11309,11310,11311,11312,11313,11314,11315,11316
892,11317
893,11318
894,11319,11322
895,11323,11324,11327,11328,11329,11332,11333,11335,11337,11338,11339,11340,11341,11342,11343,11345
896,11346,11347,11350,11352,11358,11362,11363,11365,11366
897,11369,11370,11371,11372,11373,11374,11375,11378,11379,11380,11381,11382,11383,11384,11385,11386,11387,11388,11389,11390,11391,11393,11394,11395,11396,11397,11398,11399,11400,11401,11402,11403,11404,11405,11406,11408,11410,11411,11412,11413,11414,11415,11418,11419,11420,11421,11422,11423,11424,11425,11426,11427,11428,11429,11430
898,11431,11432,11433,11434,11435,11437,11438,11441,11442
899,11445,11446,11448,11449,11450,11451,11454,11457,11458,11459,11460
900,11461
901,11462
902,11463,11466
903,11467,11468,11469,11470,11471,11472,11473,11474,11475,11476,11477,11478,11479,11480,11481,11482,11483,11484,11485,11486,11489
904,11490,11491,11492,11493,11494,11496,11497,11499,11500,11501,11504,11505,11506,11508,11510,11511,11512
905,11513,11516,11517,11518,11519,11520,11521,11522,11523,11524,11525,11527,11528,11529,11530,11531,11532,11533,11534,11535,11536,11537,11538,11539,11540,11541,11542,11543,11544,11545,11546,11547,11548,11549,11550,11551,11552,11553,11554,11555,11557,11558,11559,11560,11561,11562,11564,11565,11566,11567,11568,11569,11570,11571,11573,11574
906,11575,11576,11577,11579,11580,11582,11583,11584,11585,11586,11587,11588
907,11589,11590,11592,11595,11596,11598,11599,11601,11603,11604
908,11605
909,11606
910,11607,11608,11609,11610
911,11611,11612,11613,11614,11615,11616,11617,11618,11619,11620,11621,11622,11623,11624,11625,11626,11627,11628,11629,11630,11631,11632,11633
912,11634,11638,11639,11641,11643,11644,11646,11648,11651,11652,11653,11654
913,11657,11658,11659,11660,11661,11662,11663,11664,11665,11666,11667,11668,11669,11670,11671,11672,11673,11674,11675,11676,11677,11678,11679,11680,11681,11682,11683,11684,11685,11686,11687,11688,11689,11690,11691,11692,11693,11694,11695,11696,11697,11698,11699,11700,11701,11702,11703,11704,11705,11706,11707,11708,11709,11710,11711,11712,11713,11714,11715,11716,11717,11718
914,11719,11721,11725,11726,11728
915,11733,11734,11735,11738,11739,11743,11744
916,11749
917,11750
918,11751,11752,11753,11754
919,11755,11756,11757,11759,11760,11762,11763,11766,11768,11769,11773,11777
920,11778,11780,11781,11782,11783,11784,11785,11786,11787,11788,11790,11791,11792,11794,11795,11796,11797,11798,11799
921,11801,11804,11807,11820,11825,11833,11846,11862
922,11863,11866,11867,11872,11873,11874,11875
923,11877,11878,11880,11881,11882,11883,11884,11885,11887,11888,11890,11892
924,11893
925,11894
926,11895,11897,11898
927,11899,11900,11901,11902,11904,11905,11906,11907,11908,11909,11910,11912,11913,11914,11917,11918,11919,11921
928,11922,11923,11926,11927,11930,11932,11933,11935,11936,11939,11940,11941,11942,11944
929,11945,11947,11948,11949,11950,11951,11952,11953,11954,11956,11957,11959,11960,11961,11962,11963,11964,11965,11966,11967,11968,11970,11971,11972,11973,11974,11975,11976,11977,11978,11979,11980,11981,11982,11983,11984,11985,11986,11987,11988,11990,11991,11992,11993,11996,11997,11998,11999,12000,12001,12002,12003
930,12007,12008,12009,12011,12012,12014,12015,12017,12018,12019,12020
931,12021,12022,12024,12025,12026,12027,12028,12029,12031,12032,12033,12035,12036
932,12037
933,12038
934,12039,12040,12041,12042
935,12043,12054,12055,12057
936,12066,12068,12070,12072,12073,12074,12075,12076,12078,12079,12081,12082,12086,12087,12088
937,12089,12092,12093,12095,12099,12108,12110,12118,12121,12122,12132,12134,12146
938,12151,12155,12158,12159,12162,12163,12164
939,12165,12166,12167,12168,12180
940,12181
941,12182
942,12183,12184,12185,12186
943,12187,12188,12189,12190,12191,12192,12193,12194,12195,12196,12197,12198,12199,12200,12201,12202,12203,12204,12205,12206,12207,12208,12209
944,12210,12213,12215,12223,12230,12231
945,12233,12247,12252,12253,12254,12262,12265,12266,12267,12276,12281,12285,12286,12292
946,12295,12296,12297,12298,12299,12300,12301,12302,12303,12304,12305,12306,12307,12308
947,12309,12310,12311,12312,12313,12314,12315,12316,12317,12319,12321,12323,12324
948,12325
949,12326
950,12327
951,12331,12340,12344,12347
952,12354,12355,12357,12359,12360,12361,12362,12363,12364,12366,12367,12368,12370,12371,12372,12376
953,12377,12399,12405,12407,12411,12420,12425
954,12439
955,12453,12454,12455,12456,12457,12460,12461,12462,12463,12464,12465,12467,12468
956,12469
957,12470
958,12471,12474
959,12475,12480,12485
960,12498,12499,12500,12501,12502,12503,12504,12505,12506,12507,12510,12511,12512,12513,12514,12515,12516,12517,12518,12519,12520
961,12521,12529,12554,12563
962,12583,12584,12585,12586,12588,12590,12591,12593,12594,12595
963,12597,12598,12600,12601,12603,12605,12606,12608,12609,12610,12611,12612
964,12613
965,12614
966,12615,12617
967,12619,12632,12633,12637
968,12642,12643,12644,12645,12646,12647,12648,12649,12650,12651,12652,12653,12654,12655,12656,12657,12658,12659,12660,12661,12662,12663,12664
969,12665,12667,12668,12670,12672,12674,12680,12681,12686,12687,12689,12693,12695,12696,12698,12700,12710,12711,12713,12721,12723
970,12727,12733,12736
971,12741,12747,12748,12750,12751,12752,12753,12754,12755
972,12757
973,12758
974,12759,12760,12762
975,12763,12765,12766,12769,12771,12772,12775,12778
976,12786,12789,12796,12798,12804,12805,12808
977,12809,12810,12811,12812,12813,12814,12815,12816,12817,12818,12819,12820,12821,12823,12825,12827,12828,12829,12830,12831,12832,12833,12834,12835,12836,12837,12838,12839,12840,12841,12842,12843,12844,12845,12846,12847,12848,12849,12850,12851,12852,12853,12854,12855,12856,12857,12858,12859,12860,12861,12862,12863,12864,12865,12866,12867,12868,12870
978,12871,12872,12873,12875,12876,12877,12879,12881,12882,12884
979,12885,12894
980,12901
981,12902
982,12903,12905
983,12907,12908,12909,12912,12913,12914,12916,12917,12918,12919,12920,12921,12924,12926,12927,12928,12929
984,12930,12944
985,12953,12954,12956,12959,12960,12961,12962,12963,12964,12965,12968,12971,12973,12974,12975,12976,12977,12978,12982,12984,12986,12987,12989,12990,12991,12992,12994,12995,12997,12998,13000,13003,13004,13007,13008,13009,13011,13012,13013
986,13015,13018,13024,13025,13026,13027,13028
987,13029,13030,13041
988,13045
989,13046
990,13047,13049,13050
991,13051,13052,13054,13055,13056,13057,13058,13059,13060,13061,13063,13065,13068,13069,13070
992,13074,13075,13078,13080,13085,13086,13087,13088,13089,13091,13093,13095,13096
993,13097,13098,13099,13100,13101,13102,13103,13104,13105,13106,13107,13109,13110,13111,13112,13113,13114,13115,13116,13117,13118,13119,13120,13121,13122,13123,13124,13125,13126,13127,13128,13130,13131,13132,13133,13134,13136,13137,13138,13139,13140,13142,13143,13144,13145,13146,13147,13148,13149,13150,13151,13152,13153,13154,13155,13156,13157,13158
994,13159,13162,13168,13169,13170
995,13173,13174
996,13189
997,13190
998,13191,13192,13193,13194
999,13195,13196,13199,13200,13204,13206,13207,13212,13213,13214,13215,13216
1000,13218,13219,13237
1001,13241,13244,13248,13249,13254,13259,13261,13264,13265,13266,13270,13272,13274,13276,13280,13285,13289,13291,13297,13300,13301
1002,13303,13304,13305,13306,13307,13308,13309,13310,13311,13312,13313,13314,13315,13316
1003,13317,13318,13319,13320,13321,13322,13323,13327,13328,13330,13332
1004,13333
1005,13334
1006,13335,13336,13337,13338
1007,13339,13340,13345,13346,13348,13349,13360,13361
1008,13362,13364,13365,13367,13368,13370,13371,13372,13373,13374,13375,13376,13377,13378,13379,13380,13382,13383,13384
1009,13385,13388,13389,13390,13392,13393,13398,13400,13401,13404,13407,13423,13424,13429,13430,13440,13444
1010,13447,13448,13455,13460
1011,13461,13465,13467,13470,13472,13474,13476
1012,13477
1013,13478
1014,13479
1015,13483,13484,13485,13488,13490,13491,13494,13495,13496,13498,13499,13500,13501,13502,13505
1016,13506,13509,13513,13520,13522
1017,13529,13531,13532,13533,13534,13535,13537,13538,13539,13540,13541,13542,13543,13544,13545,13546,13548,13550,13551,13552,13553,13554,13555,13556,13557,13558,13559,13560,13561,13562,13563,13564,13565,13566,13567,13568,13569,13570,13571,13572,13573,13574,13575,13576,13577,13578,13579,13580,13581,13582,13583,13586,13587,13588,13589
1018,13591,13594,13595,13597,13598,13599,13600,13602,13603,13604
1019,13605,13606,13607,13608,13613,13614,13618
1020,13621
1021,13622
1022,13623,13624,13625
1023,13627,13632,13633,13635,13637,13639,13640,13643,13645
1024,13650,13651,13656,13657,13660,13662,13663,13664,13666,13668,13671,13672
1025,13673,13674,13675,13676,13677,13678,13679,13680,13681,13682,13683,13684,13685,13686,13688,13689,13690,13691,13692,13693,13694,13695,13697,13698,13699,13701,13702,13703,13704,13705,13708,13709,13710,13713,13714,13715,13716,13719,13720,13721,13722,13723,13725,13726,13727,13728,13729,13730,13731,13732,13733,13734
1026,13735,13738,13745,13748
1027,13749,13750,13751,13752,13753,13754,13756,13757,13758,13759,13760,13761,13762,13763,13764
1028,13765
1029,13766
1030,13767,13768
1031,13771,13773,13776,13777,13779,13784,13785,13787
1032,13794,13795,13796,13797,13798,13799,13800,13801,13803,13804,13805,13806,13807,13810,13811,13813,13816
1033,13817,13820,13823,13840,13844,13851,13860,13861,13871,13872,13873,13876
1034,13879,13880,13881,13882,13883,13884,13885,13886,13887,13888,13889,13890,13891,13892
1035,13893,13894,13898,13899,13900,13901,13902,13903,13904,13905,13906,13907,13908
1036,13909
1037,13910
1038,13911,13912,13914
1039,13915,13917,13920,13922,13923,13925,13927,13928,13929,13930,13933,13934
1040,13938,13939,13941,13942,13945,13946,13950,13951,13955,13959
1041,13961,13962,13965,13967,13969,13970,13971,13972,13973,13975,13976,13977,13980,13981,13982,13984,13985,13986,13987,13988,13989,13991,13993,13994,13995,13996,13997,13998,13999,14000,14002,14003,14004,14005,14006,14007,14008,14009,14010,14011,14013,14015,14016,14017,14018,14019,14020,14021,14022
1042,14023,14025,14026,14027,14030,14032,14034
1043,14037,14042,14044,14051,14052
1044,14053
1045,14054
1046,14055,14056,14058
1047,14059,14060,14065,14066,14070,14071,14072,14077,14079,14080
1048,14082,14083,14085,14086,14089,14090,14092,14097,14099,14103
1049,14105,14110,14116,14120,14130,14139,14141,14147,14153,14163,14166
1050,14167,14169,14171,14172,14179
1051,14181,14182,14183,14184,14186,14187,14188,14189,14190,14191,14192,14194,14195,14196
1052,14197
1053,14198
1054,14199,14202
1055,14203,14206,14210
1056,14226,14227,14228,14229,14231,14234,14237,14238,14241,14244,14248
1057,14249,14280,14295
1058,14311,14316,14317
1059,14325,14326,14327,14328,14329,14331,14332,14334,14335,14336,14337,14338,14339,14340
1060,14341
1061,14342
1062,14343,14346
1063,14347,14348,14349,14350,14352,14353,14354,14355,14356,14357,14358,14359,14360,14361,14362,14363,14364,14365,14366,14367,14368,14369
1064,14370,14371,14374,14379,14380,14386,14387,14389
1065,14393,14394,14395,14396,14397,14399,14400,14401,14402,14403,14404,14405,14406,14407,14408,14409,14410,14411,14412,14413,14414,14415,14416,14417,14418,14419,14420,14422,14423,14424,14425,14426,14427,14428,14429,14430,14431,14432,14433,14434,14435,14436,14437,14438,14439,14440,14441,14442,14443,14444,14445,14446,14447,14448,14449,14450,14451,14452,14453,14454
1066,14455,14456,14458,14459,14460,14461,14462,14463,14465,14466,14467,14468
1067,14469,14470,14472,14473,14478,14479,14480,14481,14482,14483,14484
1068,14485
1069,14486
1070,14487,14488,14489,14490
1071,14491,14492,14493,14494,14495,14496,14497,14498,14499,14500,14502,14503,14504,14505,14506,14507,14508,14509,14510,14511,14512,14513
1072,14514,14515,14516,14518,14519,14521,14522,14523,14524,14525,14527,14528,14529,14530,14531,14532,14533,14534,14535
1073,14537,14538,14539,14540,14541,14542,14543,14548,14551,14552,14553,14554,14556,14557,14558,14559,14560,14561,14562,14563,14565,14566,14567,14568,14569,14570,14571,14572,14573,14574,14575,14576,14577,14578,14579,14580,14582,14583,14584,14585,14587,14589,14590,14591,14592,14593,14595,14597,14598
1074,14599,14600,14601,14607,14611
1075,14613,14624,14627
1076,14629
1077,14630
1078,14631,14633,14634
1079,14635,14636,14637,14638,14639,14641,14642,14643,14645,14646,14647,14648,14649,14650,14652,14653,14654,14655,14656,14657
1080,14658,14674
1081,14681,14682,14683,14684,14685,14686,14687,14688,14690,14691,14692,14693,14694,14695,14696,14697,14698,14699,14700,14701,14702,14703,14704,14705,14706,14707,14708,14709,14710,14713,14714,14715,14716,14717,14718,14719,14720,14721,14722,14723,14724,14725,14726,14727,14728,14729,14731,14732,14733,14734,14735,14736,14737,14738,14739,14741,14742
1082,14743,14745,14746,14747,14751
1083,14757,14758,14759,14761,14763,14764,14767,14768,14769,14771
1084,14773
1085,14774
1086,14775,14776,14778
1087,14779,14780,14782,14784,14785,14788,14790,14793,14794,14796,14798,14800
1088,14802,14804,14806,14810,14811,14818,14820
1089,14825,14828,14829,14833,14834,14837,14841,14842,14843,14845,14848,14849,14850,14851,14852,14857,14858,14861,14862,14866,14868,14869,14870,14875,14877,14878,14880,14881,14884,14885
1090,14887,14891,14893,14900
1091,14901,14906
1092,14917
1093,14918
1094,14919,14920,14921
1095,14923,14924,14925,14926,14927,14928,14929,14930,14931,14932,14933,14934,14935,14936,14937,14938,14939,14940,14941,14942,14943,14944,14945
1096,14946,14948,14949,14950,14951,14952,14954,14955,14956,14957,14958,14960,14961,14962,14963,14964,14965,14966,14968
1097,14969,14970,14971,14972,14973,14974,14975,14976,14977,14978,14979,14980,14981,14982,14983,14984,14985,14986,14987,14988,14989,14990,14991,14992,14993,14994,14995,14996,14997,14998,14999,15000,15001,15002,15003,15004,15005,15006,15007,15008,15009,15010,15011,15012,15013,15014,15015,15016,15017,15018,15019,15020,15021,15022,15023,15024,15025,15026,15027,15028,15029,15030
1098,15031,15032,15034,15035,15038,15039,15040,15041,15044
1099,15045,15046,15047,15048,15052,15053,15055,15056,15057,15059,15060
1100,15061
1101,15062
1102,15063,15064,15065,15066
1103,15067,15069,15070,15072,15073,15075,15077,15078,15079,15082,15083,15084,15085,15086,15088
1104,15090,15091,15092,15093,15094,15095,15096,15097,15099,15100,15101,15102,15103,15104,15105,15106,15107,15108,15109,15110,15111,15112
1105,15113,15122,15150,15151,15152,15153,15164,15167,15173
1106,15175,15176,15178,15179,15186,15187,15188
1107,15189,15190,15191,15192,15194,15195,15196,15197,15198,15199,15200,15201,15202,15203,15204
1108,15205
1109,15206
1110,15207,15208,15210
1111,15211,15212,15215,15216,15217,15218,15219,15221,15225,15227,15229
1112,15234,15235,15236,15237,15238,15239,15242,15243,15244,15245,15247,15251,15252,15253,15254,15255
1113,15257,15271,15277,15279,15281,15282,15289,15292,15303,15308
1114,15319,15321,15323,15324,15325,15326,15327,15329,15330,15332
1115,15333,15334,15335,15336,15337,15338,15340,15341,15342,15343,15348
1116,15349
1117,15350
1118,15351,15353,15354
1119,15355,15356,15357,15358,15359,15360,15361,15362,15363,15364,15365,15366,15367,15368,15369,15370,15371,15372,15373,15374,15375,15376,15377
1120,15378,15379,15383,15384,15385,15389,15390,15391,15393,15396,15397,15398,15400
1121,15401,15407,15409,15417,15425,15426,15442,15462
1122,15463,15465,15469,15471,15473,15474,15475,15476
1123,15477,15483
1124,15493
1125,15494
1126,15495,15496,15497
1127,15499,15500,15502,15505,15506,15508,15512,15515,15516,15517,15520
1128,15522,15523,15524,15526,15527,15528,15529,15530,15532,15533,15534,15535,15536,15537,15538,15539,15540,15541,15542,15544
1129,15545,15548,15549,15550,15551,15554,15555,15556,15558,15564,15566,15568,15571,15573,15579,15580,15583,15585,15588,15591,15592,15594,15596,15599,15604
1130,15607,15612
1131,15621,15622,15623,15624,15626,15627,15632,15633,15635,15636
1132,15637
1133,15638
1134,15639,15640,15642
1135,15643,15653,15656,15657,15663,15664
1136,15666,15667,15668,15673,15680,15681,15682,15683,15687
1137,15689,15691,15692,15693,15694,15695,15700,15701,15702,15703,15704,15706,15707,15708,15709,15710,15711,15712,15713,15716,15717,15718,15721,15722,15723,15724,15725,15727,15728,15729,15730,15731,15732,15733,15734,15735,15736,15738,15739,15740,15741,15742,15744,15745,15746,15748,15749
1138,15751,15756,15757,15758
1139,15765,15766,15767,15769,15770,15771,15772,15773,15774,15775,15776,15777,15778,15779,15780
1140,15781
1141,15782
1142,15783,15785
1143,15787,15788,15789,15790,15792,15793,15796,15797,15798,15799,15801,15802,15803,15804,15805,15806,15807,15808,15809
1144,15810,15811,15812,15813,15815,15816,15817,15818,15819,15820,15821,15822,15823,15824,15825,15827,15828,15829,15830,15831,15832
1145,15833,15836,15837,15838,15841,15842,15845,15847,15849,15855,15856,15859,15861,15862,15869,15871,15874,15875,15877,15878,15879,15882,15884,15885,15888,15889,15890,15892
1146,15895,15896,15897,15898,15899,15900,15902,15904,15906,15907,15908
1147,15909,15910,15911,15913,15914,15915,15916,15917,15918,15919,15920,15921,15922,15923,15924
1148,15925
1149,15926
1150,15927,15930
1151,15931,15942,15943,15950,15952
1152,15954,15957,15959,15960,15962,15963,15965,15966,15968,15969,15970,15973
1153,15977,15978,15980,15981,15982,15983,15986,15987,15988,15989,15990,15991,15992,15993,15994,15995,15996,15997,15998,16000,16001,16002,16003,16004,16005,16006,16008,16009,16010,16011,16012,16013,16014,16015,16016,16017,16018,16019,16020,16021,16022,16023,16024,16025,16026,16028,16030,16031,16032,16033,16034,16037,16038
1154,16039,16040,16043,16044,16048,16051,16052
1155,16053,16054,16060,16068
1156,16069
1157,16070
1158,16071,16074
1159,16075,16076,16078,16079,16080,16081,16082,16085,16086,16087,16088,16089,16090,16091,16092,16093,16094,16095,16096,16097
1160,16098,16101,16111
1161,16121,16129,16131,16133,16150,16174,16179
1162,16183,16196
1163,16197,16198,16201,16203,16204,16205,16207,16209
1164,16213
1165,16214
1166,16215,16216,16217
1167,16219,16220,16221,16223,16224,16225,16227,16228,16229,16230,16231,16233,16234,16236,16237,16238,16239,16241
1168,16242,16243,16244,16245,16246,16247,16248,16249,16250,16251,16252,16253,16254,16255,16256,16257,16258,16259,16260,16261,16262,16263,16264
1169,16265,16272,16273,16275,16278,16279,16282,16286,16287,16290,16291,16293,16296,16298,16301,16304,16308,16310,16311,16314,16315,16317,16323,16325
1170,16327,16328,16329,16330,16331,16334,16336,16339,16340
1171,16341,16342,16344,16345,16346,16348,16349,16354,16355,16356
1172,16357
1173,16358
1174,16359,16361
1175,16363,16370,16371,16372,16375,16383
1176,16386,16390,16392
1177,16409,16410,16411,16412,16413,16414,16415,16417,16418,16419,16420,16421,16422,16423,16424,16425,16426,16427,16428,16429,16430,16431,16432,16433,16434,16435,16436,16437,16438,16440,16442,16445,16446,16447,16451,16453,16454,16456,16457,16458,16459,16460,16461,16462,16464,16465,16466,16467,16468,16469,16470
1178,16471,16473,16474,16475,16477,16479,16483
1179,16485,16489,16491,16497,16499
1180,16501
1181,16502
1182,16503,16504,16505,16506
1183,16507,16508,16509,16510,16511,16512,16513,16514,16515,16516,16517,16518,16519,16520,16521,16522,16523,16524,16525,16526,16527,16528,16529
1184,16530,16538,16543,16544,16549
1185,16553,16554,16556,16557,16558,16559,16560,16561,16562,16563,16564,16565,16566,16567,16568,16569,16570,16571,16572,16573,16574,16575,16576,16577,16578,16579,16580,16581,16582,16583,16584,16585,16586,16587,16588,16589,16590,16591,16592,16593,16594,16596,16597,16598,16599,16600,16602,16603,16604,16605,16606,16607,16608,16609,16610,16611,16612,16613,16614
1186,16615,16618,16619,16620,16628
1187,16629,16632,16634,16635,16636,16641,16644
1188,16645
1189,16646
1190,16647,16648,16649,16650
1191,16651,16657,16658,16659,16662,16663,16665,16666,16667,16669,16672,16673
1192,16674,16675,16676,16677,16678,16679,16680,16681,16682,16683,16684,16685,16686,16687,16689,16690,16691,16692,16693,16694,16695,16696
1193,16697,16698,16699,16700,16701,16702,16703,16704,16705,16706,16707,16708,16709,16710,16711,16712,16713,16714,16715,16716,16717,16718,16719,16720,16721,16722,16723,16724,16725,16726,16728,16729,16730,16731,16732,16733,16734,16736,16737,16738,16739,16740,16741,16742,16743,16744,16745,16746,16748,16749,16750,16751,16752,16753,16754,16756,16757,16758
1194,16759,16761,16764,16765,16766,16768,16771
1195,16773,16774,16775,16776,16777,16778,16779,16780,16782,16783,16784,16785,16786,16787,16788
1196,16789
1197,16790
1198,16791,16792,16794
1199,16795,16798,16799,16800,16801,16802,16803,16804,16805,16807,16808,16809,16810,16811,16812,16813,16814,16815,16816,16817
1200,16818,16820,16823,16829,16830,16834
1201,16841,16898
1202,16903,16904,16906,16907,16908,16909,16911,16912,16913,16914,16915
1203,16917,16918,16919,16920,16921,16922,16923,16924,16925,16926,16927,16928,16929,16930,16931,16932
1204,16933
1205,16934
1206,16935,16937
1207,16939,16941,16943,16944,16945,16946,16947,16948,16952,16954,16955,16958,16961
1208,16962,16963,16970,16973,16975,16976,16977,16979,16980
1209,16985,16987,16989,16990,16993,16995,16999,17004,17011,17013,17015,17018,17023,17024,17027,17028,17030,17035,17039,17041,17045,17046
1210,17047
1211,17061,17062,17063,17064,17065,17067,17069,17071,17074,17075,17076
1212,17077
1213,17078
1214,17079,17081,17082
1215,17083,17087,17091,17092,17094,17096,17101,17102,17103
1216,17106,17107,17108,17109,17111,17112,17114,17115,17116,17117,17119,17120,17123,17124,17125,17126,17128
1217,17129,17130,17134,17135,17137,17138,17139,17141,17143,17145,17147,17149,17151,17152,17153,17154,17156,17158,17159,17161,17162,17164,17165,17166,17168,17169,17170,17171,17172,17177,17178,17179,17182,17183,17184,17185,17187
1218,17191,17192,17193,17194,17195,17196,17197,17198,17199,17200,17201,17202,17203,17204
1219,17205,17208,17209,17211,17215,17218,17219
1220,17221
1221,17222
1222,17223,17224,17225,17226
1223,17227,17229,17230,17233,17237,17245
1224,17250,17253,17254,17255,17257,17259,17260,17261,17264,17265,17266,17267,17268,17269,17270
1225,17273,17275,17300,17301,17309,17328
1226,17335,17337,17339,17340,17346,17347
1227,17349,17363
1228,17365
1229,17366
1230,17367,17369,17370
1231,17371,17372,17373,17375,17379,17383,17384,17386
1232,17394,17396,17397,17398,17400,17405,17406,17407,17408,17410,17411,17412,17414,17415,17416
1233,17417,17418,17419,17420,17421,17422,17423,17424,17425,17426,17427,17428,17429,17430,17431,17432,17433,17435,17436,17437,17439,17441,17442,17443,17444,17446,17447,17448,17451,17452,17454,17455,17457,17458,17459,17460,17463,17464,17465,17467,17468,17469,17470,17471,17472,17473,17474,17476,17477,17478
1234,17479,17480,17482,17484,17488,17490
1235,17493,17497,17499,17500,17501,17504,17508
1236,17509
1237,17510
1238,17511,17512,17513,17514
1239,17515,17516,17517,17518,17521,17523,17530,17531,17533,17534,17535,17536,17537
1240,17538,17539,17541,17542,17552,17556,17558,17560
1241,17561,17565,17567,17569,17570,17572,17573,17576,17577,17581,17583,17591,17595,17596,17600,17603,17606,17609,17610,17611,17614,17615,17619,17621
1242,17623,17625,17629,17631
1243,17637,17638,17639,17640,17641,17642,17643,17644,17646,17649,17650,17651,17652
1244,17653
1245,17654
1246,17655,17656,17657
1247,17659,17661,17662,17663,17664,17665,17666,17668,17670,17671,17672,17675,17677,17678,17681
1248,17682,17683,17685,17686,17688,17689,17690,17691,17692,17696,17697,17698,17699,17700,17701
1249,17705,17706,17707,17708,17711,17712,17715,17717,17719,17723,17724,17725,17726,17728,17729,17730,17731,17732,17735,17738,17739,17740,17741,17742,17743,17744,17745,17747,17750,17751,17752,17753,17754,17756,17758,17759,17760,17761,17763,17764,17765
1250,17767,17768,17770,17773,17774,17775,17776,17777,17778
1251,17781,17782,17783,17784,17785,17786,17787,17788,17789,17790,17791,17792,17793,17794,17795,17796
1252,17797
1253,17798
1254,17799,17801,17802
1255,17803,17815,17819,17820,17821,17822
1256,17826,17828,17836,17840,17846
1257,17849,17851,17852,17853,17854,17855,17856,17857,17858,17859,17860,17861,17862,17863,17864,17865,17866,17867,17868,17869,17870,17872,17873,17874,17875,17876,17877,17878,17879,17880,17881,17882,17883,17884,17885,17886,17887,17889,17890,17891,17892,17893,17894,17895,17896,17897,17898,17899,17900,17901,17902,17903,17905,17906,17907,17908,17909,17910
1258,17911,17913,17916,17917,17919,17920,17921,17922
1259,17925,17926,17928,17931,17932,17933,17935,17937,17940
1260,17941
1261,17942
1262,17943,17944,17945,17946
1263,17947,17954,17955,17961,17964
1264,17970,17974,17976,17977,17981,17984,17986
1265,17993,17994,17996,17997,17998,17999,18000,18001,18003,18004,18005,18006,18007,18008,18009,18010,18011,18012,18013,18015,18017,18018,18019,18020,18021,18022,18031,18032,18033,18034,18035,18036,18037,18038,18039,18040,18041,18043,18044,18045,18048,18049,18051,18052,18054
1266,18055,18056,18057,18058,18059,18061,18062,18063,18064,18065,18066,18067,18068
1267,18069,18072,18073,18083,18084
1268,18085
1269,18086
1270,18087,18088
1271,18091,18095,18097,18102,18104
1272,18114,18117,18119,18125,18126,18128,18129,18132,18133,18134,18135
1273,18137,18138,18155,18160,18173,18192,18198
1274,18199,18203,18206,18207,18208,18209,18211,18212
1275,18213,18214,18216,18218,18221,18224,18227,18228
